20

     0    32    63    52    68    82    72    12    40    48    56    28    13    78    64    12    73    56    62    66
    31     0    23    20    29    40    36     3    15    20    21    14     6    34    35     6    26    28    27    27
    65    26     0    43    63    67    59     8    29    40    51    26    15    64    51     4    52    53    50    54
    47    26    44     0    41    52    39     6    19    31    34    20    14    48    43    11    45    39    35    41
    69    34    61    45     0    73    66    10    33    36    55    29    13    73    66     6    64    50    50    64
    80    37    67    55    75     0    78    19    33    46    64    36    11    86    69    15    69    64    59    67
    72    26    61    39    65    73     0    16    36    38    49    31    15    74    59     6    64    56    51    56
    11     4    18     9    14    14    12     0     4    11    13     4     4    14    11     4    19    11    16    15
    39    16    24    22    29    35    28     6     0    24    29    16     6    30    35     2    35    30    23    29
    42    23    38    24    42    47    39     7    21     0    34    14     7    42    39     3    40    37    31    37
    58    22    51    33    59    65    49    12    30    30     0    28    16    62    47    11    54    44    44    53
    36    13    23    25    33    38    27     4    14    23    24     0     9    34    24     5    29    26    23    32
    16     3    14    11    18    15    13     4     9     6     9    11     0    18    16     1    12     9    14    11
    74    33    60    44    68    86    68    14    37    43    57    29    12     0    65     6    64    54    63    62
    67    26    57    43    66    74    64    10    35    40    52    26    17    69     0    13    61    55    55    62
    13     6     9     6    11    11    14     2     6     4     3     2     3    15     5     0    11    11    13    13
    69    35    60    46    66    73    60    13    33    42    48    28    11    69    56    14     0    54    54    60
    58    28    45    34    58    57    49    10    29    38    42    26    13    58    56     8    54     0    45    54
    61    28    47    36    57    65    57    10    24    34    42    20    16    60    47     7    55    40     0    49
    65    27    56    39    59    66    63    17    35    39    52    30    12    69    59    12    57    54    51     0